-10	-3	2	-1	47	-1	17	244,6
-10	2	2	0	40	0	7	230,66
-10	3	2	5	41	-3	5	231,69
-10	-5	2	9	37	-2	21	348,58
-10	1	2	11	52	0	9	605,03
-10	-5	2	11	40	-1	21	499,77
-10	-3	2	12	44	-3	17	609,68
-10	-4	2	12	52	0	19	713,94
-10	-1	2	24	38	1	13	1034,54
-10	-2	2	24	43	0	15	1153,86
-10	-1	2	25	38	-2	13	1027,03
-10	-3	2	26	34	-1	17	923,83
-10	-1	2	26	48	-3	13	1287,29
-10	-3	2	28	33	-3	17	900,79
-10	1	2	32	55	0	9	1701,98
-10	-1	3	2	37	-3	13	186,47
-10	-3	3	4	42	0	17	203,14
-10	2	3	7	34	-1	7	186,82
-10	-5	3	9	52	-3	21	444,82
-10	-1	3	9	34	0	13	256,95
-10	0	3	11	50	-3	11	532,22
-10	3	3	12	33	1	5	409,36
-10	-2	3	14	41	-3	15	664,96
-10	0	3	14	33	-1	11	549,3
-10	3	3	14	40	1	5	634,94
-10	-1	3	22	56	-2	13	1374,08
-10	0	3	23	56	-2	11	1392,48
-10	0	3	24	48	-2	11	1220,82
-10	0	3	26	37	-3	11	945,63
-10	1	3	27	34	-3	9	858,9
-10	4	3	30	46	1	3	1245,59
-10	1	3	34	52	-1	9	1700,77
-10	2	3	35	49	1	7	1680,63
-10	3	4	-2	42	1	5	86,89
-10	-3	4	0	30	1	17	131,21
-10	0	4	3	42	-1	11	124,09
-10	-1	4	4	54	-3	13	176,26
-10	-1	4	4	31	1	13	80,39
-10	0	4	7	59	-2	11	293,69
-10	0	4	9	58	-2	11	397,66
-10	-4	4	16	43	0	19	783,14
-10	2	4	16	52	0	7	909,01
-10	-4	4	16	57	1	19	1015,31
-10	-3	4	18	34	-1	17	741,1
-10	1	4	19	44	1	9	953,11
-10	-5	4	24	51	1	21	1243,17
-10	0	4	28	37	-1	11	884,49
-10	-4	4	30	46	-2	19	1216,29
-10	0	4	30	32	-2	11	776,09
-10	3	4	30	34	-3	5	819,41
-10	-4	4	31	41	-1	19	1103,46
-10	-4	4	32	46	-1	19	1319,13
-10	-3	4	32	40	1	17	1111,2
-10	2	4	34	56	-2	7	1768,05
-10	3	4	38	54	-3	5	2050,76
-10	1	5	2	53	1	9	51,44
-10	0	5	5	51	-1	11	84,46
-10	-5	5	8	55	-1	21	255,4
-10	-1	5	10	47	-1	13	277,14
-10	4	5	10	30	1	3	101,23
-10	3	5	13	44	1	5	455,35
-10	-1	5	18	58	0	13	1072,17
-10	3	5	20	58	-3	5	1162,78
-10	-2	5	24	37	-3	15	800,35
-10	-2	5	25	57	-1	15	1299,03
-10	2	5	26	44	-3	7	955,85
-10	4	5	36	45	0	3	1452,32
-10	1	5	38	54	-2	9	1977,39
-10	-3	6	2	56	-1	17	-33,94
-10	4	6	4	46	1	3	-83,92
-10	-5	6	5	37	-1	21	-69,62
-10	4	6	6	36	-1	3	-103,63
-10	0	6	11	59	-3	11	366,12
-10	0	6	19	38	-1	11	630,73
-10	-4	6	20	31	-3	19	543,7
-10	4	6	22	42	-1	3	769,82
-10	0	6	24	31	0	11	543,55
-10	-2	6	24	54	-1	15	1095,95
-10	0	6	25	35	0	11	629,69
-10	0	6	26	37	-2	11	677,82
-10	-1	6	27	33	-3	13	572,49
-10	1	6	28	56	-1	9	1217,4
-10	2	7	-1	56	-1	7	-238,06
-10	-2	7	1	40	-1	15	-201,54
-10	3	7	1	46	-1	5	-219,17
-10	-1	7	4	45	1	13	-193,66
-10	3	7	13	38	-1	5	139,79
-10	2	7	15	52	-2	7	489,78
-10	-4	7	16	47	-2	19	517,79
-10	-3	7	18	36	-3	17	442,55
-10	3	7	18	46	-2	5	596,6
-10	-3	7	21	41	-2	17	625,3
-10	-2	7	24	51	-1	15	897,8
-10	0	7	29	35	-2	11	514,7
-10	2	7	29	50	0	7	937,4
-10	-4	7	32	34	-1	19	591,49
-10	2	7	34	43	-3	7	996,26
-10	-1	7	37	38	-2	13	1060,28
-9	-3	2	1	38	0	17	280,7
-9	4	2	1	55	1	3	262,89
-9	-4	2	8	41	0	19	358,95
-9	2	2	9	35	-1	7	326,05
-9	-1	2	10	52	-3	13	556,45
-9	1	2	10	57	-2	9	603,88
-9	4	2	23	52	1	3	1330,44
-9	3	2	23	40	1	5	1064,63
-9	4	2	27	57	-3	3	1517,79
-9	-2	2	28	31	-3	15	856,06
-9	-4	2	30	31	-2	19	877,21
-9	1	2	30	33	-1	9	922,24
-9	4	2	31	45	0	3	1322,25
-9	1	2	38	41	-3	9	1702,14
-9	-1	2	39	32	-1	13	1434,06
-9	4	3	-2	47	0	3	167,51
-9	-2	3	2	31	-1	15	207,1
-9	-1	3	2	30	-2	13	197,12
-9	2	3	4	31	-3	7	168,68
-9	2	3	5	48	-3	7	246,3
-9	-1	3	8	38	-2	13	268,02
-9	-4	3	8	30	-3	19	217,99
-9	-1	3	11	36	-1	13	406,41
-9	-2	3	13	44	-2	15	643,76
-9	-1	3	15	33	0	13	629,64
-9	-5	3	20	47	1	21	1154,36
-9	2	3	22	56	-1	7	1360,23
-9	1	3	25	51	-2	9	1307,12
-9	-5	3	32	36	0	21	1066,8
-9	-3	3	36	34	0	17	1256,89
-9	4	3	39	39	1	3	1633,88
-9	1	4	0	46	0	9	158,03
-9	-1	4	3	58	0	13	215,52
-9	-2	4	4	34	1	15	133,11
-9	0	4	5	44	1	11	179,07
-9	-3	4	6	58	1	17	291,21
-9	-4	4	7	52	-2	19	292,97
-9	1	4	11	38	-3	9	355,48
-9	-2	4	11	51	-2	15	526,13
-9	-3	4	13	42	-2	17	558,74
-9	1	4	14	56	1	9	812,59
-9	1	4	15	38	-1	9	633,84
-9	-3	4	16	40	-3	17	751,75
-9	-2	4	16	55	0	15	994,23
-9	-3	4	18	56	-3	17	1151,48
-9	0	4	20	47	-3	11	1058,96
-9	-1	4	22	50	-1	13	1182,3
-9	0	4	34	51	-3	11	1622,22
-9	-4	4	34	48	0	19	1540,78
-9	2	4	34	58	1	7	1847,34
-9	-5	4	37	52	1	21	1944,56
-9	-5	4	37	56	1	21	2102,22
-9	1	4	38	33	-1	9	1279,99
-9	-5	4	38	59	-1	21	2307,67
-9	-5	4	39	30	0	21	1260,62
-9	2	5	0	31	0	7	76,71
-9	-3	5	4	49	0	17	122,43
-9	1	5	6	52	-2	9	161,08
-9	-1	5	8	42	-1	13	157,59
-9	0	5	11	44	-1	11	344,03
-9	3	5	13	44	-3	5	482,01
-9	-4	5	15	53	-3	19	805,93
-9	-2	5	15	33	-3	15	492,58
-9	-4	5	16	59	0	19	977,93
-9	-3	5	16	44	-3	17	733,75
-9	4	5	17	56	-1	3	961,73
-9	-4	5	20	47	0	19	1004,96
-9	-3	5	27	52	1	17	1235,49
-9	-1	5	30	51	-1	13	1285,24
-9	2	5	33	43	-3	7	1191,97
-9	1	6	6	48	-2	9	26,32
-9	2	6	9	47	1	7	135,29
-9	2	6	10	39	0	7	118,58
-9	-3	6	12	44	-2	17	333,77
-9	4	6	12	50	1	3	371,89
-9	-4	6	19	33	-2	19	593,06
-9	-2	6	21	33	-3	15	634,5
-9	-4	6	26	59	0	19	1307,15
-9	4	6	28	59	-2	3	1302,11
-9	-3	6	29	31	-3	17	572,51
-9	-2	6	32	59	-1	15	1558,13
-9	0	6	33	56	1	11	1524,14
-9	-1	7	0	37	-1	13	-132,58
-9	-3	7	1	55	-2	17	-101,45
-9	-4	7	2	30	-3	19	-146,82
-9	2	7	5	49	0	7	-104,1
-9	-4	7	6	40	-3	19	-111,82
-9	-5	7	6	32	0	21	-163,22
-9	-5	7	6	56	-3	21	-5,19
-9	3	7	11	36	1	5	28,12
-9	-3	7	19	41	1	17	627,73
-9	1	7	23	50	-3	9	889,34
-9	-3	7	23	54	-2	17	1009,15
-9	-5	7	24	46	-2	21	839,36
-9	-1	7	26	48	-3	13	883,76
-9	-2	7	29	44	1	15	826,69
-9	-1	7	33	40	-1	13	885,56
-9	1	7	38	58	-2	9	1943,23
-9	0	7	38	58	-2	11	1938,86
-8	2	2	-2	40	-1	7	267,68
-8	-5	2	-1	36	0	21	309,78
-8	-3	2	-1	36	-2	17	303,02
-8	2	2	0	32	1	7	290,55
-8	-4	2	9	56	1	19	552,7
-8	4	2	10	42	0	3	445,74
-8	-3	2	11	46	0	17	581,71
-8	2	2	13	33	0	7	540,07
-8	-2	2	15	39	1	15	783,71
-8	-4	2	16	33	-2	19	751,19
-8	4	2	17	42	-2	3	928,4
-8	3	2	18	51	-2	5	1142,59
-8	3	2	24	42	-2	5	1114,09
-8	-1	2	24	39	1	13	1059,06
-8	1	2	26	37	-2	9	1004,47
-8	1	2	34	52	0	9	1763,5
-8	4	2	38	39	-3	3	1617,29
-8	1	2	39	40	-2	9	1738,79
-8	-1	3	-1	43	1	13	250,2
-8	-5	3	3	32	0	21	244,75
-8	-4	3	5	50	-3	19	317,47
-8	0	3	7	58	1	11	400,98
-8	-1	3	25	41	0	13	1076,69
-8	-4	3	34	49	-3	19	1646,54
-8	4	3	38	43	-3	3	1727,27
-8	3	4	-2	44	1	5	151,32
-8	-4	4	-1	37	0	19	216,57
-8	-5	4	0	45	-3	21	224,4
-8	-1	4	3	48	-2	13	214,99
-8	1	4	5	49	-2	9	231,53
-8	3	4	9	33	-2	5	223,01
-8	-1	4	11	47	-2	13	483,43
-8	-3	4	14	35	-2	17	564,19
-8	0	4	15	55	-1	11	910,21
-8	3	4	23	42	-1	5	1015,72
-8	-3	4	25	50	0	17	1252,78
-8	-3	4	26	41	1	17	1024,94
-8	4	4	29	50	1	3	1280,59
-8	-3	4	31	30	0	17	783,63
-8	1	4	32	43	-2	9	1221,39
-8	0	4	33	54	1	11	1650,03
-8	1	4	39	41	-1	9	1685,44
-8	2	5	0	51	-2	7	128,34
-8	4	5	0	35	-1	3	115,83
-8	1	5	1	40	-3	9	126,08
-8	-1	5	2	33	-3	13	118,74
-8	-3	5	2	41	0	17	136,99
-8	-2	5	11	45	-2	15	396,71
-8	-3	5	13	30	-3	17	351,9
-8	-1	5	21	53	0	13	1171,2
-8	-5	5	30	36	0	21	860,95
-8	1	5	32	48	0	9	1311,51
-8	2	5	32	46	-2	7	1238,99
-8	-2	5	34	58	1	15	1812,76
-8	2	5	36	43	-2	7	1442,84
-8	-2	5	37	41	-2	15	1466,05
-8	-5	5	38	32	-1	21	1206,04
-8	0	6	-1	39	-2	11	42,01
-8	-3	6	5	59	0	17	140,46
-8	-4	6	6	52	-1	19	131,92
-8	0	6	10	57	-2	11	359,79
-8	0	6	11	56	0	11	419,13
-8	-4	6	15	59	0	19	837,48
-8	-2	6	25	46	-2	15	987,82
-8	1	6	28	52	-2	9	1163,68
-8	4	6	32	38	-2	3	893,42
-8	1	6	33	52	-2	9	1418,83
-8	2	6	38	56	1	7	2010,27
-8	-5	6	38	45	-3	21	1624,74
-8	-5	6	39	44	-1	21	1663,82
-8	-2	7	-2	49	-3	15	-85,79
-8	4	7	3	55	-3	3	-53,14
-8	4	7	6	51	1	3	-18,1
-8	-4	7	8	50	-1	19	87,8
-8	-5	7	9	34	0	21	1,33
-8	-3	7	11	42	0	17	178,28
-8	2	7	13	33	-1	7	183,14
-8	1	7	14	58	0	9	591,94
-8	4	7	17	31	-3	3	387,52
-8	4	7	17	41	0	3	549
-8	4	7	18	36	1	3	516,13
-8	1	7	20	56	0	9	988,57
-8	-5	7	20	39	1	21	677,85
-8	-1	7	21	58	0	13	1082,55
-8	4	7	28	34	0	3	555,62
-8	-3	7	28	38	-2	17	684,48
-8	1	7	30	49	-2	9	1042,46
-8	2	7	33	31	-1	7	624,95
-8	3	7	33	33	-1	5	688,6
-8	-4	7	34	56	-3	19	1567,28
-8	2	7	37	38	-2	7	1155
-8	-1	7	39	53	-3	13	1888,59
-7	1	2	-1	54	-2	9	292,79
-7	-5	2	4	43	0	21	340,57
-7	-4	2	10	40	1	19	472
-7	4	2	14	49	1	3	821,19
-7	2	2	14	37	-3	7	673,35
-7	4	2	15	52	-3	3	944,11
-7	-2	2	17	32	-2	15	784,7
-7	4	2	18	37	0	3	897,95
-7	-5	2	19	45	-2	21	1123,4
-7	-2	2	24	37	-3	15	1015,07
-7	1	2	24	58	-1	9	1514,18
-7	-2	2	24	44	1	15	1189,34
-7	0	2	25	57	-2	11	1511,28
-7	-1	2	32	34	-1	13	1045,89
-7	-1	2	35	43	-1	13	1545,83
-7	4	2	36	36	0	3	1349,32
-7	1	2	36	55	0	9	2048,79
-7	2	2	38	55	0	7	2226,46
-7	2	2	38	54	-2	7	2196,26
-7	-4	3	0	37	1	19	304,29
-7	3	3	1	59	1	5	290,05
-7	-5	3	13	51	-3	21	786,39
-7	-1	3	15	40	-1	13	754,76
-7	-3	3	16	32	-1	17	701,32
-7	1	3	21	52	-2	9	1273,71
-7	-3	3	23	49	1	17	1267,65
-7	-4	3	25	30	-3	19	811,47
-7	-4	3	34	32	0	19	1058,8
-7	-2	3	35	58	1	15	2041,32
-7	-1	3	39	41	0	13	1753,02
-7	-5	4	0	58	-3	21	269,8
-7	0	4	1	59	0	11	252,74
-7	0	4	4	45	1	11	247,68
-7	-4	4	4	33	1	19	211,44
-7	1	4	5	54	-1	9	290,23
-7	4	4	8	46	0	3	318,31
-7	-4	4	9	49	-2	19	420,74
-7	-5	4	10	50	-2	21	493,84
-7	-1	4	13	59	-2	13	820,87
-7	-5	4	22	52	0	21	1282,36
-7	0	4	22	55	-2	11	1326,97
-7	2	4	23	57	0	7	1376,65
-7	0	4	23	39	-3	11	973,41
-7	4	4	24	59	-3	3	1442,19
-7	-5	4	25	59	-3	21	1504,3
-7	-1	4	28	48	0	13	1246,96
-7	4	4	30	57	0	3	1547,74
-7	0	4	30	44	1	11	1186,22
-7	2	4	34	58	-2	7	1878,36
-7	-4	4	36	34	0	19	1226,7
-7	3	5	1	34	-3	5	170,27
-7	1	5	4	52	-2	9	205,13
-7	1	5	4	56	-2	9	221,98
-7	-4	5	6	33	-3	19	139,54
-7	-1	5	6	32	-1	13	125,64
-7	-4	5	7	52	-3	19	296,48
-7	4	5	10	42	-2	3	312,65
-7	2	5	10	52	0	7	419,9
-7	1	5	14	34	-2	9	484,88
-7	-3	5	18	33	-2	17	705,15
-7	-1	5	27	44	-3	13	1060,87
-7	-4	5	30	56	-3	19	1500,15
-7	-1	5	30	48	1	13	1243,38
-7	4	5	31	52	-2	3	1390,03
-7	0	5	33	55	0	11	1649,93
-7	-2	6	9	48	-3	15	258,02
-7	0	6	12	47	0	11	438,73
-7	-5	6	12	56	-2	21	565,61
-7	1	6	14	33	-2	9	399,68
-7	-4	6	16	59	1	19	954,38
-7	1	6	17	48	-1	9	819,59
-7	0	6	23	57	-1	11	1245
-7	2	6	27	30	-3	7	586,49
-7	3	6	28	54	-2	5	1251,95
-7	0	6	30	50	-3	11	1230,3
-7	3	6	36	45	0	5	1456,68
-7	-2	6	38	35	-3	15	1267,23
-7	2	7	-2	44	1	7	-24,59
-7	-3	7	2	53	-1	17	48,22
-7	4	7	4	57	0	3	45,88
-7	4	7	5	59	-3	3	68,01
-7	-2	7	7	33	-1	15	-19,93
-7	1	7	12	33	-2	9	177,84
-7	0	7	12	50	-3	11	387,67
-7	-5	7	13	57	-3	21	579,62
-7	3	7	22	55	-3	5	1073,02
-7	-5	7	22	39	1	21	761,07
-7	-5	7	23	37	1	21	721,36
-7	-1	7	23	30	-2	13	541,01
-7	-3	7	26	46	-2	17	940,94
-7	1	7	26	41	-2	9	792,44
-7	0	7	30	43	0	11	921,87
-7	2	7	31	55	-1	7	1315,72
-7	-5	7	34	54	-3	21	1550,96
-7	1	7	35	51	-3	9	1499,01
-7	-2	7	37	42	-1	15	1364,24
-6	3	2	0	51	0	5	336,65
-6	3	2	3	36	0	5	318,56
-6	3	2	12	41	-3	5	584,24
-6	1	2	14	43	-3	9	768,82
-6	-2	2	16	59	-2	15	1176,69
-6	0	2	20	53	1	11	1306,82
-6	-5	2	23	39	0	21	1085,31
-6	0	2	23	43	1	11	1156,65
-6	0	2	30	57	-2	11	1657,17
-6	3	2	35	46	0	5	1637,45
-6	-4	2	35	42	1	19	1528,76
-6	2	2	36	41	-3	7	1547,39
-6	-4	2	38	45	-3	19	1882,44
-6	-4	2	38	41	-2	19	1733,37
-6	3	3	-1	30	-2	5	320,14
-6	4	3	1	55	0	3	315,19
-6	-3	3	3	33	1	17	300,41
-6	-2	3	4	57	-2	15	388,76
-6	1	3	4	46	0	9	324,83
-6	0	3	4	53	-1	11	357,7
-6	2	3	6	58	0	7	410,56
-6	-1	3	6	53	-2	13	392,82
-6	1	3	9	49	-2	9	464,76
-6	-2	3	9	59	-1	15	572,92
-6	-3	3	12	48	-1	17	660,64
-6	3	3	13	40	-2	5	607,15
-6	4	3	16	32	1	3	691,48
-6	4	3	23	35	0	3	926,15
-6	-2	3	24	41	1	15	1085,95
-6	-3	3	27	49	-1	17	1323,07
-6	4	3	30	32	0	3	861,46
-6	-1	3	32	47	0	13	1438,87
-6	0	3	38	39	-2	11	1604,36
-6	-1	4	0	51	0	13	289,6
-6	0	4	1	31	1	11	275,29
-6	-2	4	3	56	-1	15	325,13
-6	0	4	7	52	-1	11	368,82
-6	-5	4	9	51	-3	21	470,82
-6	-4	4	10	54	0	19	547,86
-6	1	4	11	53	-1	9	594,6
-6	-3	4	15	58	-2	17	1012,06
-6	-5	4	15	44	1	21	807,02
-6	-5	4	21	36	-2	21	930,67
-6	0	4	22	45	0	11	1119,66
-6	1	4	25	44	0	9	1105,46
-6	2	4	25	44	-1	7	1112,82
-6	3	4	29	53	-1	5	1409,21
-6	-5	4	30	41	0	21	1133,54
-6	2	4	32	48	-3	7	1408,54
-6	1	4	33	48	-2	9	1484,31
-6	-5	4	34	56	-1	21	1866,5
-6	-2	4	38	32	-1	15	1303,11
-6	2	5	0	33	1	7	225,73
-6	-4	5	6	53	-3	19	320,33
-6	3	5	8	44	1	5	273,53
-6	3	5	8	45	-2	5	280,3
-6	0	5	11	41	-3	11	402,03
-6	-4	5	14	45	1	19	681,67
-6	-2	5	16	56	-1	15	1005,81
-6	-4	5	18	43	-1	19	916,95
-6	4	5	21	58	1	3	1298,86
-6	-1	5	30	39	-2	13	996,01
-6	3	5	36	36	-2	5	1238,21
-6	-2	6	-2	36	1	15	157,23
-6	4	6	-2	44	1	3	116,38
-6	2	6	0	35	-2	7	153,47
-6	1	6	1	47	1	9	163,6
-6	-3	6	1	42	1	17	184,93
-6	2	6	5	57	0	7	210,26
-6	-3	6	11	57	-1	17	534,8
-6	0	6	17	51	1	11	918,17
-6	-1	6	17	59	-2	13	1058,19
-6	4	6	19	31	-2	3	634,44
-6	2	6	21	59	-2	7	1264,96
-6	0	6	24	30	-3	11	659,74
-6	-2	6	25	32	0	15	712,09
-6	1	6	27	57	0	9	1361,29
-6	4	6	32	33	-2	3	809,74
-6	-5	6	33	53	-2	21	1553,69
-6	-3	6	33	42	-3	17	1184,13
-6	3	6	35	40	-1	5	1232,7
-6	0	6	39	35	-1	11	1362,63
-6	0	6	39	40	-3	11	1554,82
-6	-3	7	-2	51	0	17	63,08
-6	2	7	-1	55	-2	7	47,62
-6	2	7	-1	50	-1	7	62,52
-6	-5	7	0	43	-3	21	101,86
-6	3	7	1	48	-2	5	78,08
-6	0	7	1	55	-1	11	97,2
-6	-4	7	5	56	0	19	165,2
-6	4	7	6	51	-3	3	111,94
-6	-3	7	9	43	-1	17	182,76
-6	0	7	13	37	-2	11	347,43
-6	2	7	19	48	-3	7	890,87
-6	-5	7	20	50	-2	21	995,32
-6	1	7	22	34	-2	9	668,92
-6	-4	7	24	34	-3	19	681,6
-6	-5	7	24	33	0	21	663,82
-6	-4	7	32	58	-1	19	1561,55
-6	-3	7	33	59	0	17	1667,83
-6	-4	7	37	36	-2	19	1195,11
-5	-2	2	-2	30	-2	15	391,9
-5	0	2	-2	41	1	11	362,22
-5	1	2	-1	54	0	9	358,14
-5	1	2	0	36	1	9	380,73
-5	-4	2	2	39	-3	19	395,02
-5	-5	2	5	34	1	21	347,81
-5	-1	2	6	30	0	13	309,2
-5	0	2	8	30	1	11	310,09
-5	1	2	17	30	1	9	755,91
-5	3	2	21	53	0	5	1329,18
-5	-5	2	29	40	1	21	1142,7
-5	-4	2	33	36	-2	19	1185,03
-5	-2	3	-2	41	-1	15	342,57
-5	1	3	0	43	1	9	352,54
-5	-3	3	1	54	0	17	386,06
-5	-4	3	2	43	-1	19	370,86
-5	-3	3	3	31	-2	17	322,01
-5	1	3	10	31	-3	9	358,21
-5	3	3	14	33	-2	5	603,31
-5	2	3	22	48	-2	7	1225,72
-5	2	3	23	42	-3	7	1112,17
-5	-4	3	27	55	0	19	1501,04
-5	-2	3	29	52	-3	15	1457,18
-5	-4	3	31	42	0	19	1245,8
-5	1	3	31	33	-3	9	944,14
-5	3	3	33	45	-2	5	1423,82
-5	2	3	35	42	-2	7	1481,53
-5	-5	3	35	44	1	21	1582,69
-5	2	4	4	40	0	7	293,32
-5	-3	4	8	44	-1	17	381,12
-5	2	4	9	48	-2	7	442,93
-5	2	4	11	57	-3	7	655,28
-5	3	4	11	49	-3	5	557,84
-5	4	4	14	51	-2	3	807,68
-5	-1	4	19	40	0	13	962,99
-5	-5	4	21	46	0	21	1155,16
-5	-3	4	25	41	-3	17	1063,2
-5	1	4	34	30	-1	9	968,64
-5	0	4	36	42	-1	11	1528,27
-5	-4	4	37	49	1	19	1886,14
-5	4	5	-2	51	-2	3	210,03
-5	0	5	-2	39	-3	11	251,98
-5	-4	5	4	46	-1	19	300,56
-5	-2	5	5	40	0	15	260,69
-5	-1	5	10	32	0	13	294,02
-5	-1	5	11	54	0	13	589,73
-5	3	5	12	52	0	5	620,24
-5	-4	5	13	36	-1	19	520,43
-5	4	5	15	38	-2	3	650,98
-5	-4	5	19	51	-3	19	1138,86
-5	4	5	23	39	-1	3	952,22
-5	-4	5	25	57	1	19	1433,1
-5	-1	5	26	43	1	13	1070,31
-5	-2	5	31	58	-2	15	1655,02
-5	-2	5	31	42	1	15	1155,11
-5	2	5	34	54	-1	7	1734,55
-5	1	5	39	36	-3	9	1491,04
-5	4	6	-2	39	-1	3	197,3
-5	0	6	-2	37	-2	11	206,92
-5	1	6	3	45	-1	9	216,14
-5	2	6	4	55	-2	7	249,09
-5	-3	6	10	35	-1	17	277,49
-5	2	6	14	35	-2	7	496,59
-5	-5	6	15	39	1	21	643,67
-5	4	6	15	36	-1	3	568,9
-5	4	6	19	44	-1	3	921,94
-5	-3	6	21	44	-2	17	1012,7
-5	-5	6	24	36	-1	21	857,62
-5	2	6	27	55	0	7	1323,93
-5	-4	6	28	42	0	19	1012,61
-5	4	6	28	43	-3	3	1010,3
-5	-3	6	30	48	1	17	1241,74
-5	-2	6	31	42	0	15	1103,07
-5	-5	6	33	30	-1	21	832,07
-5	0	6	34	38	-1	11	1136,44
-5	1	6	38	59	-3	9	2232,65
-5	3	6	39	53	0	5	2085,64
-5	-3	7	1	45	1	17	176,33
-5	3	7	3	31	1	5	100,81
-5	0	7	3	57	0	11	192,55
-5	-2	7	5	55	-2	15	213,54
-5	4	7	7	37	-2	3	109,86
-5	-3	7	12	30	0	17	264,51
-5	-1	7	15	32	-1	13	464,19
-5	-3	7	17	46	1	17	818,61
-5	0	7	17	33	-1	11	587,32
-5	-2	7	18	57	0	15	1066,63
-5	3	7	20	32	0	5	649,44
-5	-2	7	22	47	-2	15	1021,48
-5	-3	7	24	53	-2	17	1200,72
-5	-5	7	30	47	-1	21	1164,05
-5	-4	7	31	32	-3	19	731,85
-4	1	2	-1	46	-2	9	394,29
-4	-1	2	3	53	-3	13	431,59
-4	4	2	4	48	-2	3	395,87
-4	2	2	8	40	-1	7	400,9
-4	3	2	9	37	-3	5	410,38
-4	2	2	10	32	-3	7	403,2
-4	-1	2	18	54	0	13	1228,85
-4	0	2	21	59	1	11	1476,98
-4	4	2	24	40	-1	3	1077,51
-4	-3	2	25	33	0	17	929,99
-4	2	2	30	56	-3	7	1633,39
-4	0	2	32	57	-2	11	1786,78
-4	-3	2	38	50	1	17	2080,32
-4	-2	3	-2	58	1	15	337,58
-4	1	3	2	45	1	9	391,88
-4	0	3	2	35	1	11	368,19
-4	0	3	10	41	-3	11	478,52
-4	-5	3	13	36	1	21	613,63
-4	1	3	14	58	-3	9	965,14
-4	1	3	16	57	-3	9	1120,06
-4	-2	3	18	36	1	15	896,82
-4	-5	3	22	35	-1	21	972,32
-4	1	3	23	39	-1	9	1047,38
-4	-3	3	24	56	-2	17	1479,54
-4	4	3	24	33	-3	3	899,62
-4	2	3	33	46	1	7	1470,6
-4	-1	4	-1	58	0	13	334,77
-4	3	4	-1	36	-3	5	351,7
-4	4	4	-1	44	-2	3	329,35
-4	0	4	3	40	-3	11	342,44
-4	0	4	4	54	1	11	388,59
-4	3	4	7	49	1	5	391,71
-4	-4	4	8	34	-2	19	330,27
-4	2	4	14	50	1	7	821,32
-4	-3	4	16	48	-1	17	966,5
-4	0	4	16	44	0	11	887,69
-4	2	4	17	47	-3	7	990,98
-4	4	4	22	40	1	3	1026,39
-4	-3	4	31	50	1	17	1462,41
-4	4	4	35	33	-2	3	1141,69
-4	0	5	-1	37	1	11	329,3
-4	-5	5	-1	53	-3	21	331,41
-4	1	5	2	45	-3	9	322,94
-4	-1	5	4	32	1	13	267,35
-4	0	5	4	31	-1	11	260,84
-4	0	5	5	44	-3	11	317,45
-4	-2	5	5	53	-2	15	368,1
-4	3	5	6	53	-3	5	359,22
-4	1	5	12	54	-3	9	681,98
-4	-1	5	15	48	-2	13	841,34
-4	4	5	21	59	-1	3	1369,77
-4	-2	5	22	33	-2	15	851,8
-4	-1	5	23	56	-2	13	1375,92
-4	0	5	28	30	0	11	748,2
-4	-4	5	29	32	-3	19	823,98
-4	-2	5	33	35	1	15	1059,91
-4	2	5	34	40	-2	7	1283,65
-4	2	5	35	57	1	7	1946,94
-4	3	5	37	59	-1	5	2209,23
-4	0	6	-1	45	-2	11	269,53
-4	1	6	6	51	-3	9	311,94
-4	-4	6	7	48	-3	19	335,79
-4	-4	6	12	57	0	19	707,32
-4	-3	6	17	33	-3	17	694,73
-4	1	6	17	59	0	9	1121,3
-4	-4	6	22	48	-1	19	1154,26
-4	-5	6	22	46	-2	21	1113,34
-4	-2	6	23	40	0	15	973,33
-4	-3	6	26	54	1	17	1346,62
-4	2	6	27	41	0	7	988,77
-4	2	6	35	37	0	7	1203,86
-4	-1	6	37	49	-3	13	1812,88
-4	3	7	1	40	1	5	218,99
-4	2	7	1	43	-1	7	224,57
-4	-4	7	2	53	0	19	269,48
-4	-3	7	3	35	-1	17	200,34
-4	2	7	8	46	-1	7	272,06
-4	-5	7	10	47	1	21	399,17
-4	-5	7	10	45	1	21	386,03
-4	-4	7	10	37	-2	19	294,3
-4	-2	7	11	41	1	15	380,82
-4	-5	7	12	45	-1	21	512,24
-4	-4	7	12	51	1	19	583,22
-4	0	7	12	36	-2	11	371,82
-4	-4	7	16	39	1	19	689,73
-4	-3	7	18	48	0	17	962,24
-4	2	7	19	56	-3	7	1129,53
-4	0	7	19	38	-3	11	807,47
-4	-1	7	20	38	0	13	831,26
-4	2	7	25	50	1	7	1161,23
-4	-5	7	30	50	-2	21	1294,25
-4	-1	7	34	55	0	13	1707,86
-4	3	7	37	38	-2	5	1337,51
-4	-2	7	37	52	-2	15	1883,1
-3	-3	2	0	59	-3	17	443,24
-3	-4	2	0	39	-1	19	446,23
-3	-4	2	5	30	-2	19	358,5
-3	-4	2	5	41	1	19	412,34
-3	4	2	5	47	1	3	407,97
-3	0	2	8	32	-2	11	363,21
-3	-2	2	10	48	-1	15	593,85
-3	1	2	14	54	0	9	940,85
-3	-2	2	18	45	1	15	1092,1
-3	-4	2	23	34	0	19	971,67
-3	4	2	34	41	-3	3	1395,48
-3	2	3	3	47	0	7	413,11
-3	-4	3	3	38	0	19	401,85
-3	-1	3	5	43	-3	13	398,3
-3	-3	3	6	40	-3	17	397,51
-3	3	3	8	44	-1	5	434,62
-3	-4	3	8	44	1	19	457,72
-3	-3	3	10	34	-1	17	434,96
-3	2	3	11	34	0	7	465,84
-3	4	3	12	49	1	3	684,77
-3	-2	3	16	55	0	15	1117,1
-3	4	3	17	36	-2	3	831,99
-3	3	3	19	45	-2	5	1093,25
-3	1	3	22	49	-3	9	1266,6
-3	-4	3	26	49	-3	19	1337,37
-3	2	3	27	52	1	7	1400,64
-3	-2	3	28	59	-1	15	1640,6
-3	0	3	33	40	-2	11	1296,14
-3	0	3	34	55	-1	11	1873,85
-3	0	3	39	50	0	11	2143,29
-3	-5	4	0	54	-2	21	425,61
-3	1	4	3	52	-1	9	404,13
-3	-5	4	4	51	0	21	438,14
-3	-2	4	7	41	1	15	384,29
-3	2	4	12	48	1	7	661,42
-3	2	4	14	38	-3	7	673,86
-3	0	4	21	40	-1	11	1042,04
-3	-2	4	23	55	1	15	1422,93
-3	0	4	24	57	-1	11	1461,79
-3	1	4	33	52	0	9	1658,35
-3	-3	4	34	34	1	17	1146
-3	-3	4	34	49	0	17	1662,51
-3	-1	4	38	34	0	13	1429,23
-3	3	4	39	56	-1	5	2340,94
-3	-5	5	2	31	-3	21	353,09
-3	-2	5	2	51	-1	15	394,26
-3	3	5	3	36	1	5	329,74
-3	-3	5	7	44	-3	17	376,1
-3	-5	5	9	31	0	21	337,12
-3	3	5	9	46	-3	5	429,94
-3	-4	5	10	35	-3	19	402,62
-3	1	5	10	42	-2	9	454,07
-3	0	5	10	57	-1	11	614,59
-3	3	5	10	57	-3	5	588,03
-3	-3	5	15	46	-2	17	858,16
-3	2	5	16	58	-1	7	1091,1
-3	-4	5	16	47	0	19	948,48
-3	-3	5	17	53	-2	17	1109,47
-3	-4	5	28	43	-3	19	1151,44
-3	1	5	30	31	-1	9	823,84
-3	4	5	31	39	1	3	1094,64
-3	4	5	34	55	-1	3	1796,27
-3	3	5	39	33	0	5	1416,24
-3	-3	6	-1	42	-2	17	336,74
-3	3	6	0	40	-1	5	327,24
-3	-3	6	1	58	-3	17	377,63
-3	-2	6	1	30	-3	15	324,93
-3	4	6	2	31	-2	3	294,18
-3	-4	6	3	35	0	19	316,72
-3	1	6	12	48	0	9	615,2
-3	3	6	16	58	0	5	1055,74
-3	-5	6	22	31	0	21	811,16
-3	-4	6	24	37	1	19	940,5
-3	-4	6	28	42	-2	19	1088,96
-3	3	6	32	31	-2	5	864,56
-3	2	6	33	50	-3	7	1533,04
-3	-5	6	33	52	-2	21	1637,56
-3	-5	6	36	35	1	21	1266,05
-3	-1	6	39	42	-2	13	1743,72
-3	-4	7	-1	44	1	19	304,2
-3	-3	7	-1	42	-3	17	301,36
-3	-5	7	4	42	1	21	291,8
-3	-4	7	7	41	0	19	291,42
-3	-5	7	9	31	-1	21	254,31
-3	1	7	12	35	-2	9	408,39
-3	0	7	13	55	-3	11	742,2
-3	-4	7	15	54	-3	19	907,66
-3	-1	7	20	54	-2	13	1202,15
-3	-3	7	24	32	0	17	776,46
-3	-3	7	24	51	1	17	1242,8
-3	-3	7	28	33	-3	17	787,49
-3	-2	7	29	40	-1	15	1001,77
-3	0	7	29	48	1	11	1228,89
-3	-3	7	34	47	-1	17	1496,55
-3	3	7	36	55	1	5	1918,87
-3	0	7	37	52	-2	11	1924,57
-2	-5	2	2	45	-1	21	469,79
-2	-1	2	10	50	-3	13	612,25
-2	-1	2	10	36	1	13	472,94
-2	-5	2	13	49	-2	21	825,99
-2	-1	2	14	57	-3	13	999,51
-2	3	2	17	37	-2	5	876,11
-2	1	2	18	35	0	9	895,47
-2	-2	2	25	58	1	15	1566,36
-2	-3	2	25	31	0	17	888,93
-2	-1	2	26	45	0	13	1241,03
-2	-3	2	28	47	-3	17	1328,01
-2	-4	2	29	39	-1	19	1128,7
-2	-3	2	31	39	-3	17	1185,96
-2	-2	2	35	45	1	15	1643,44
-2	2	2	37	44	1	7	1756,79
-2	2	2	38	56	1	7	2286,37
-2	2	2	39	40	-2	7	1753,64
-2	-1	2	39	55	0	13	2354,93
-2	2	3	-2	49	0	7	386,16
-2	-1	3	4	57	-3	13	476,63
-2	-3	3	5	36	-1	17	394,04
-2	-4	3	12	46	-1	19	701,79
-2	2	3	26	40	1	7	1085,41
-2	2	3	26	39	-3	7	1059,12
-2	-3	3	27	33	-1	17	915,65
-2	-1	3	28	33	0	13	919,31
-2	4	3	29	50	-1	3	1397,23
-2	2	3	31	49	0	7	1462,05
-2	4	3	32	39	1	3	1198,07
-2	-1	3	33	31	1	13	1007,19
-2	0	4	-2	34	1	11	410,35
-2	-4	4	-1	34	0	19	440,29
-2	4	4	0	36	-3	3	396,17
-2	3	4	5	46	-2	5	405,05
-2	-3	4	7	58	-1	17	532,99
-2	-3	4	10	59	0	17	696,7
-2	-4	4	11	41	1	19	566,89
-2	0	4	13	47	1	11	751,68
-2	-4	4	15	39	1	19	797,24
-2	0	4	17	50	-1	11	1082,71
-2	-2	4	20	34	0	15	920,59
-2	-4	4	20	56	-1	19	1379,32
-2	1	4	23	43	-1	9	1141,94
-2	-4	4	23	47	-1	19	1262,4
-2	-2	4	25	49	-3	15	1308,41
-2	-2	4	27	57	-1	15	1558,3
-2	4	4	28	43	-3	3	1162,29
-2	-5	4	31	46	-3	21	1387,83
-2	1	4	31	32	1	9	926,45
-2	-4	4	33	34	-2	19	1098,6
-2	2	4	33	38	-3	7	1212,91
-2	-2	4	34	50	-2	15	1701,55
-2	1	4	38	51	-3	9	2079,45
-2	1	5	0	39	-3	9	403,21
-2	-1	5	4	45	0	13	399,78
-2	1	5	13	34	-1	9	562,71
-2	1	5	20	57	0	9	1355,95
-2	2	5	22	37	-1	7	976,78
-2	2	5	24	58	0	7	1484,12
-2	-2	5	25	52	-3	15	1368,56
-2	-1	5	25	46	1	13	1220,15
-2	-4	5	27	59	1	19	1599,56
-2	-4	5	28	54	1	19	1485,14
-2	0	5	29	31	-1	11	830,36
-2	2	5	36	50	0	7	1841,78
-2	2	5	36	37	0	7	1369,04
-2	-1	5	39	32	-3	13	1419,32
-2	-3	6	-2	40	-2	17	370,17
-2	-3	6	2	56	1	17	429,09
-2	1	6	6	42	-3	9	354,09
-2	-3	6	10	31	1	17	368,74
-2	-5	6	15	32	0	21	649,66
-2	2	6	15	36	-2	7	693,62
-2	4	6	16	31	-3	3	663,68
-2	-4	6	16	38	0	19	797,7
-2	1	6	24	37	0	9	957,8
-2	1	6	25	46	-1	9	1182,98
-2	-4	6	29	57	-3	19	1580,33
-2	-1	6	29	41	-1	13	1104,24
-2	-4	6	30	38	0	19	1060,41
-2	-4	6	30	36	-2	19	989,07
-2	-5	6	32	47	-1	21	1436,49
-2	0	6	34	45	-1	11	1485,94
-2	2	6	35	55	-3	7	1898,99
-2	4	6	36	39	1	3	1408,46
-2	1	7	1	32	1	9	346,28
-2	2	7	6	57	1	7	402,42
-2	2	7	7	38	-2	7	304,01
-2	-5	7	8	59	0	21	524,56
-2	2	7	14	45	0	7	726,68
-2	-3	7	15	48	1	17	869,24
-2	-4	7	15	38	-3	19	716,91
-2	2	7	19	52	-3	7	1159,7
-2	0	7	20	56	1	11	1290,7
-2	-3	7	21	45	-1	17	1112,35
-2	-2	7	23	54	-2	15	1336,91
-2	-1	7	23	39	1	13	994,88
-2	-4	7	23	47	-1	19	1196,2
-2	-2	7	28	56	-1	15	1489,54
-2	-4	7	30	36	-2	19	969,33
-2	-5	7	33	47	-3	21	1482,45
-1	-5	2	-2	44	-3	21	449,67
-1	-2	2	-1	48	1	15	445,45
-1	-3	2	1	47	-1	17	486,42
-1	-3	2	2	54	-2	17	497,61
-1	-4	2	3	39	-1	19	453,54
-1	-5	2	3	57	0	21	518,33
-1	0	2	7	34	-1	11	385,89
-1	2	2	9	52	-3	7	572,82
-1	0	2	15	59	0	11	1116,37
-1	-2	2	19	48	0	15	1198,41
-1	-3	2	21	50	0	17	1313,68
-1	-4	2	22	49	1	19	1318,79
-1	-5	2	32	44	-1	21	1407,54
-1	0	2	33	58	0	11	1903,95
-1	1	2	38	43	-1	9	1807,45
-1	-2	3	-2	53	-3	15	413,84
-1	0	3	2	39	-1	11	445,45
-1	3	3	8	40	1	5	427,68
-1	1	3	8	31	-3	9	368,28
-1	4	3	14	37	-2	3	697,47
-1	-3	3	15	35	0	17	756,65
-1	0	3	16	43	1	11	924,17
-1	3	3	17	34	-3	5	821,58
-1	-4	3	19	59	-1	19	1411,73
-1	-2	3	20	37	1	15	1000,37
-1	-1	3	26	43	0	13	1183,29
-1	-1	3	31	54	-3	13	1636,12
-1	-3	3	31	44	0	17	1340,12
-1	0	3	31	48	0	11	1460,25
-1	4	3	32	54	-3	3	1674,92
-1	-3	3	34	57	-1	17	1978,77
-1	-2	3	36	55	0	15	2083,51
-1	2	3	36	53	1	7	1983,32
-1	-2	4	-2	59	-3	15	398,69
-1	0	4	3	57	-2	11	473,97
-1	-5	4	4	46	0	21	464,38
-1	-1	4	4	51	-2	13	472,21
-1	-4	4	6	39	-3	19	420,62
-1	-3	4	10	59	-1	17	709,66
-1	-1	4	11	34	-3	13	494,82
-1	-5	4	11	54	-2	21	732,39
-1	1	4	11	38	0	9	527,38
-1	4	4	14	38	0	3	702,67
-1	-1	4	18	51	-2	13	1188,84
-1	-4	4	28	52	-2	19	1464,55
-1	-4	4	29	56	1	19	1611,25
-1	2	4	34	32	1	7	1092,36
-1	-3	4	35	37	-3	17	1355,84
-1	-1	4	36	59	-3	13	2208,25
-1	1	4	36	43	-2	9	1636,31
-1	2	5	1	46	-2	7	438,68
-1	3	5	4	39	-3	5	391,34
-1	0	5	6	38	1	11	387,13
-1	0	5	6	57	-1	11	495,58
-1	-2	5	10	32	-3	15	422,68
-1	0	5	12	59	-1	11	835,08
-1	-2	5	17	42	-2	15	967,15
-1	4	5	17	30	-2	3	739,26
-1	0	5	17	55	-3	11	1178,37
-1	4	5	18	38	0	3	917,33
-1	-3	5	23	36	-2	17	1002,77
-1	1	5	24	34	1	9	939,94
-1	-5	5	25	37	-3	21	1024,99
-1	0	5	30	58	0	11	1682
-1	2	5	34	40	-1	7	1359,44
-1	-5	5	35	55	-1	21	1991
-1	0	5	36	48	-2	11	1802,84
-1	-1	5	38	56	-3	13	2292,27
-1	-5	6	2	35	0	21	424,11
-1	4	6	2	35	1	3	397,93
-1	-4	6	6	35	-1	19	369,19
-1	-2	6	11	34	-2	15	481,85
-1	2	6	11	39	-1	7	514
-1	4	6	12	49	-1	3	688,68
-1	-1	6	14	45	0	13	795,1
-1	2	6	17	45	0	7	993,67
-1	4	6	20	58	-3	3	1370,92
-1	-5	6	28	56	-1	21	1564,65
-1	-2	6	28	47	0	15	1290,99
-1	0	6	29	55	1	11	1539,71
-1	2	6	30	43	-3	7	1219,89
-1	-3	6	30	45	0	17	1297,87
-1	-5	6	32	30	1	21	915,08
-1	-3	6	37	45	-1	17	1787,53
-1	1	6	38	50	-2	9	2035,77
-1	3	7	1	40	1	5	396,61
-1	4	7	2	31	-2	3	382,44
-1	0	7	4	37	1	11	376,74
-1	0	7	5	31	-1	11	329,35
-1	3	7	5	46	-2	5	393,98
-1	2	7	6	57	0	7	469,66
-1	-5	7	7	37	0	21	379,75
-1	2	7	11	38	1	7	494,93
-1	4	7	13	40	-2	3	624,64
-1	-2	7	14	53	-1	15	904,84
-1	2	7	19	45	0	7	1079,07
-1	2	7	21	37	-1	7	974,4
-1	1	7	22	38	1	9	1001,78
-1	0	7	25	44	0	11	1165,38
-1	-4	7	27	57	-2	19	1545,81
-1	0	7	27	32	-2	11	853,76
-1	3	7	29	46	-1	5	1263,63
-1	-5	7	29	43	-3	21	1198,15
-1	-4	7	30	36	-3	19	1017,74
-1	4	7	32	46	-3	3	1386,21
-1	2	7	37	58	-1	7	2224,3
-1	2	7	39	46	-2	7	1946,74
0	3	2	-1	45	0	5	443,62
0	0	2	0	41	1	11	461,33
0	4	2	1	49	-2	3	457,74
0	-1	2	4	37	1	13	428,01
0	-4	2	4	32	-1	19	420,9
0	-5	2	5	50	-3	21	498,91
0	-4	2	6	35	-3	19	412,03
0	3	2	7	47	-3	5	464,28
0	2	2	8	55	-1	7	562,29
0	-2	2	14	35	0	15	702,67
0	-5	2	17	40	-3	21	972,24
0	3	2	17	44	-1	5	1008,25
0	3	2	20	31	1	5	880,17
0	-1	2	21	33	-3	13	949,79
0	3	2	23	38	-3	5	1053,07
0	-2	2	26	50	-2	15	1380,24
0	-3	2	27	48	1	17	1351,64
0	-4	2	31	44	-2	19	1351,31
0	0	2	32	51	-3	11	1618,76
0	0	3	-1	38	0	11	464,82
0	-5	3	0	48	-2	21	500,65
0	-4	3	2	49	-1	19	492,37
0	2	3	4	34	-1	7	404,05
0	-2	3	6	46	-1	15	470,86
0	-4	3	9	37	-3	19	469,02
0	-5	3	10	42	1	21	569,13
0	-1	3	15	34	1	13	739,31
0	-4	3	15	41	-1	19	858,88
0	0	3	16	45	1	11	972,7
0	2	3	18	47	0	7	1112,83
0	-4	3	26	30	1	19	866,19
0	-2	3	30	32	-2	15	945,24
0	-1	3	31	58	0	13	1778,42
0	0	3	32	51	-3	11	1613,14
0	2	3	33	56	0	7	1833,9
0	4	3	35	36	1	3	1303,62
0	2	3	36	54	-1	7	2032,95
0	-3	4	-2	46	-1	17	450,1
0	0	4	-1	46	0	11	453,42
0	-3	4	-1	32	-3	17	476,21
0	-4	4	1	53	0	19	502,93
0	-1	4	5	32	-2	13	395,39
0	-5	4	6	51	1	21	517,98
0	-5	4	7	50	-1	21	530,45
0	-2	4	11	55	-2	15	753,11
0	-5	4	14	35	-1	21	711,77
0	1	4	19	49	0	9	1199,06
0	2	4	20	34	-2	7	949,58
0	3	4	20	45	0	5	1151,39
0	2	4	22	46	1	7	1220,24
0	0	4	22	49	0	11	1295,94
0	-4	4	23	30	-1	19	891,02
0	-5	4	24	49	-2	21	1348,98
0	-3	4	26	39	0	17	1093,73
0	-5	4	30	30	-1	21	890,34
0	-1	4	34	32	-3	13	1126,63
0	-4	4	34	41	1	19	1436,88
0	-4	4	34	50	-1	19	1753,28
0	0	4	35	45	1	11	1642,39
0	-4	4	39	40	-1	19	1794,34
0	3	5	-2	48	-3	5	413,06
0	4	5	1	37	-3	3	448,66
0	-2	5	3	38	-1	15	451,74
0	3	5	6	52	-3	5	483,32
0	-4	5	7	43	1	19	472,43
0	1	5	7	59	1	9	564,95
0	4	5	11	37	-1	3	517,95
0	4	5	11	34	1	3	491,52
0	-2	5	13	44	-3	15	753,61
0	-5	5	16	35	-1	21	823,44
0	-5	5	22	40	-1	21	1123,88
0	-2	5	23	42	-2	15	1164,8
0	0	5	27	53	-1	11	1471,83
0	0	5	28	45	-2	11	1267,53
0	2	5	28	57	1	7	1591,46
0	1	5	30	57	1	9	1680,37
0	-2	5	31	52	-2	15	1595,26
0	0	5	37	50	-1	11	1992,69
0	0	5	38	51	0	11	2116,69
0	-1	5	38	37	0	13	1593,39
0	4	6	-2	30	-2	3	457,9
0	-5	6	-1	32	-2	21	482,97
0	-5	6	4	52	1	21	503,8
0	0	6	13	55	-3	11	891,06
0	-1	6	16	41	0	13	910,96
0	0	6	17	57	-3	11	1239,5
0	-4	6	21	57	0	19	1475,55
0	-3	6	25	34	-3	17	969,74
0	-3	6	26	49	1	17	1361,24
0	3	6	35	34	-2	5	1244,8
0	1	6	39	34	0	9	1538,68
0	0	7	-2	40	1	11	440,34
0	-5	7	-1	55	-2	21	473,38
0	-3	7	0	50	0	17	486,07
0	0	7	4	38	0	11	421,58
0	4	7	5	59	-2	3	499,71
0	3	7	6	51	-2	5	478,14
0	2	7	7	51	-1	7	503,68
0	-3	7	12	38	-1	17	620,55
0	0	7	19	35	-2	11	945,28
0	0	7	23	56	-3	11	1475,53
0	-2	7	24	56	-3	15	1505,46
0	-5	7	28	52	-1	21	1488,01
0	2	7	28	58	-3	7	1616,51
0	-2	7	29	33	0	15	953,6
0	-4	7	30	34	1	19	1012,94
0	4	7	35	36	1	3	1309,29
0	0	7	37	56	-2	11	2208,69
0	-4	7	38	44	-3	19	1867,46
1	4	2	-2	49	0	3	396,52
1	-2	2	0	30	-2	15	476,77
1	0	2	0	48	0	11	466,66
1	4	2	1	54	-2	3	457,91
1	2	2	1	32	-3	7	456,98
1	-1	2	4	46	0	13	467,58
1	0	2	4	31	1	11	406,69
1	2	2	5	35	1	7	397,68
1	-5	2	6	45	1	21	478,5
1	0	2	7	45	-2	11	470,7
1	2	2	7	40	-1	7	420,84
1	4	2	8	48	0	3	498,17
1	2	2	8	33	0	7	391,01
1	2	2	11	57	-1	7	749,19
1	1	2	12	39	0	9	613,64
1	1	2	13	45	-3	9	762,65
1	2	2	13	37	1	7	655,81
1	3	2	17	59	-2	5	1254,73
1	-1	2	18	30	-3	13	828,15
1	2	2	19	32	-2	7	886,84
1	2	2	24	51	-3	7	1374,46
1	2	2	27	38	-2	7	1049,95
1	-4	2	30	41	-2	19	1218,57
1	-3	2	36	41	-1	17	1595,16
1	-4	2	39	59	-1	19	2539,02
1	3	3	-2	40	-2	5	432,25
1	-5	3	2	49	-1	21	505,73
1	4	3	10	38	-2	3	493,57
1	-2	3	24	56	1	15	1518,66
1	-1	3	24	35	1	13	1005,08
1	-4	3	27	58	1	19	1627,25
1	-2	3	34	32	-2	15	1123
1	-2	3	34	55	-2	15	1917,74
1	4	4	-1	39	1	3	458,21
1	-5	4	3	35	-3	21	461,42
1	3	4	5	58	1	5	513,65
1	-4	4	10	37	1	19	514,97
1	3	4	12	44	-1	5	683,53
1	-5	4	15	42	-3	21	900,18
1	1	4	18	50	0	9	1192,16
1	-4	4	21	57	0	19	1490,59
1	-4	4	23	47	1	19	1302,2
1	3	4	24	34	-2	5	964,69
1	2	4	25	35	1	7	986,84
1	4	4	29	51	-3	3	1457,77
1	1	4	30	33	1	9	966,2
1	-5	4	31	39	-2	21	1209,43
1	-5	4	31	58	-3	21	1814,42
1	2	4	34	31	-1	7	1094,47
1	-4	4	36	39	1	19	1527,43
1	-1	4	37	43	-2	13	1749,73
1	-3	4	38	57	-1	17	2374,72
1	4	5	-2	46	-1	3	442,9
1	-1	5	-1	47	0	13	481,36
1	-2	5	1	50	-3	15	509,9
1	-2	5	7	33	-2	15	417,38
1	-1	5	10	52	1	13	672,87
1	3	5	10	56	0	5	686,65
1	3	5	11	52	-3	5	720,64
1	0	5	13	56	-3	11	926,6
1	-2	5	13	42	1	15	754,66
1	3	5	16	47	1	5	1021,97
1	-1	5	18	54	1	13	1279,1
1	0	5	23	35	-1	11	1025,88
1	4	5	24	58	-2	3	1547,69
1	0	5	26	57	-1	11	1573,03
1	2	5	28	51	1	7	1442,2
1	2	5	28	45	-2	7	1282,36
1	-3	5	29	36	0	17	1069,16
1	-4	5	31	41	1	19	1279,48
1	-4	5	37	42	-2	19	1734,29
1	-4	6	-1	30	1	19	518,68
1	-2	6	-1	52	-2	15	502,06
1	-5	6	2	34	1	21	492,58
1	-2	6	3	44	-2	15	497,79
1	-4	6	8	34	-3	19	455,49
1	-4	6	9	36	1	19	493,52
1	2	6	12	38	0	7	635,69
1	-4	6	13	42	-2	19	773,23
1	2	6	14	34	-2	7	710,17
1	-5	6	16	40	-1	21	945,12
1	-2	6	17	43	-3	15	1042,97
1	-5	6	18	35	-2	21	959,54
1	-1	6	23	36	-1	13	1059,86
1	2	6	30	48	-2	7	1441,59
1	2	6	33	52	-2	7	1740,2
1	4	6	35	47	-3	3	1724,17
1	4	6	35	36	-2	3	1343,5
1	-3	6	37	53	-3	17	2153,94
1	-1	6	37	38	-1	13	1582,55
1	1	7	-2	55	0	9	456,55
1	-2	7	-2	58	-2	15	471,96
1	3	7	0	52	1	5	492,13
1	-1	7	2	58	-1	13	546,94
1	0	7	2	59	1	11	542,15
1	-3	7	8	34	1	17	456,75
1	-4	7	12	38	1	19	669,41
1	-5	7	14	45	-2	21	903,79
1	0	7	14	56	1	11	1036,18
1	2	7	14	41	1	7	817,07
1	-2	7	17	34	-2	15	903,33
1	-1	7	18	30	-2	13	867,02
1	2	7	23	58	1	7	1555,68
1	-4	7	25	59	-2	19	1659,41
1	0	7	26	48	-1	11	1365,71
1	-1	7	27	36	-3	13	1062,51
1	3	7	30	55	-2	5	1651,39
1	-5	7	30	30	0	21	940,04
1	-5	7	30	43	-1	21	1333,01
1	0	7	31	30	-3	11	952,51
1	4	7	35	33	0	3	1251,58
1	-5	7	36	32	-3	21	1314,27
2	-2	2	3	55	-2	15	503,26
2	2	2	12	52	-1	7	771,38
2	-3	2	12	47	1	17	738,08
2	3	2	15	47	1	5	925,32
2	-2	2	22	49	0	15	1320,02
2	-1	2	26	46	1	13	1282,06
2	-1	2	32	49	0	13	1565,93
2	-2	3	-2	33	-2	15	476,62
2	3	3	-1	41	-1	5	448,36
2	4	3	-1	30	0	3	461,82
2	-5	3	7	41	-3	21	468,65
2	1	3	16	47	-3	9	1010,19
2	4	3	21	52	-2	3	1340,13
2	-3	3	23	49	-2	17	1348,58
2	3	3	28	42	1	5	1193,17
2	-2	3	28	45	-2	15	1293,54
2	-5	3	29	51	0	21	1508,75
2	0	3	32	33	-2	11	1050,75
2	-5	3	38	38	0	21	1656,61
2	3	3	39	38	-3	5	1707,33
2	2	4	-2	50	-2	7	435,88
2	-1	4	-1	42	0	13	484,6
2	-1	4	-1	45	0	13	475,81
2	-5	4	2	48	-3	21	516,03
2	0	4	4	46	-2	11	488,16
2	-1	4	4	41	0	13	464,65
2	-4	4	6	59	-1	19	584,92
2	4	4	7	45	0	3	467,37
2	4	4	10	54	-2	3	666,64
2	3	4	11	55	-1	5	752,75
2	-2	4	12	40	-3	15	664,37
2	0	4	12	59	0	11	890,89
2	-5	4	12	35	-2	21	614,15
2	3	4	13	44	1	5	765,31
2	1	4	15	44	-1	9	921,17
2	0	4	21	34	-3	11	998,66
2	-3	4	25	48	-3	17	1349,56
2	4	4	33	48	1	3	1593,42
2	-5	4	34	32	1	21	1154,86
2	-4	4	38	59	-3	19	2478,42
2	-1	4	38	36	0	13	1586,18
2	1	4	39	42	0	9	1883,7
2	3	5	-1	53	-3	5	468,03
2	-5	5	6	39	1	21	483,22
2	1	5	8	35	-1	9	454,9
2	1	5	9	58	0	9	678,99
2	4	5	9	44	1	3	547,85
2	2	5	10	58	-1	7	735,68
2	3	5	14	51	1	5	949,67
2	1	5	17	49	-1	9	1144,96
2	-4	5	19	39	1	19	1082,1
2	4	5	24	58	-2	3	1566,03
2	0	5	25	58	-3	11	1609,73
2	0	5	26	43	0	11	1243,36
2	0	5	29	39	-3	11	1161,74
2	-4	5	31	56	-1	19	1773,76
2	1	5	32	55	-3	9	1785,61
2	-1	5	35	42	1	13	1587,83
2	4	5	36	46	-2	3	1786,72
2	-1	5	37	32	1	13	1381,23
2	-2	5	37	39	0	15	1644,74
2	2	5	37	32	-2	7	1367,24
2	-1	5	37	55	1	13	2237,32
2	-1	5	39	55	1	13	2412,38
2	-2	6	0	52	-2	15	541,36
2	-1	6	5	41	0	13	495,2
2	-5	6	5	30	-3	21	457,26
2	4	6	8	55	0	3	614,09
2	-4	6	9	30	0	19	472,78
2	-3	6	12	55	-2	17	894,89
2	1	6	19	37	0	9	1047,24
2	-4	6	23	56	-3	19	1573,74
2	3	6	26	42	-3	5	1224,46
2	-4	6	28	56	1	19	1667,46
2	0	6	34	57	-3	11	2037,63
2	-1	7	4	56	1	13	593,34
2	-1	7	6	35	0	13	488,03
2	-5	7	10	45	-3	21	695,94
2	4	7	15	53	1	3	1099,24
2	-1	7	17	47	-2	13	1162,63
2	4	7	18	59	-2	3	1421,57
2	2	7	20	45	0	7	1262,9
2	-1	7	22	52	0	13	1469,62
2	3	7	26	39	-2	5	1169,77
2	1	7	29	55	-3	9	1671,8
2	3	7	35	41	1	5	1586,01
2	-1	7	37	38	1	13	1646,08
2	0	7	37	37	-1	11	1603,81
3	3	2	0	36	0	5	445,17
3	0	2	2	32	0	11	429,77
3	2	2	3	51	-1	7	451,78
3	-3	2	3	42	-1	17	450,42
3	0	2	6	47	-1	11	464,88
3	-1	2	9	49	-1	13	568,51
3	3	2	13	49	-1	5	804,3
3	-4	2	15	50	-3	19	1016,24
3	0	2	15	44	-2	11	904,09
3	0	2	16	56	-1	11	1161,43
3	0	2	17	40	-3	11	963,55
3	4	2	19	40	1	3	1032,53
3	-1	2	19	36	-2	13	986,41
3	3	2	20	55	1	5	1367,89
3	-5	2	21	43	-3	21	1189,74
3	0	2	21	47	-3	11	1254,93
3	-5	2	22	37	-1	21	1066,58
3	1	2	22	36	1	9	1026,41
3	3	2	24	55	-1	5	1469,27
3	4	2	25	48	-3	3	1297,38
3	-1	2	26	43	1	13	1199,86
3	-1	2	26	39	-1	13	1106,16
3	2	2	29	51	-3	7	1461,07
3	2	2	33	40	-1	7	1329,81
3	-5	2	33	32	-1	21	1080,73
3	4	2	39	44	-1	3	1927,51
3	1	3	-2	44	1	9	430,36
3	-3	3	-1	51	-1	17	464,39
3	4	3	4	34	-3	3	409,9
3	3	3	4	59	-1	5	498,86
3	-3	3	8	39	1	17	467,03
3	3	3	11	56	-1	5	747,85
3	1	3	12	32	0	9	552,93
3	3	3	14	39	1	5	765,66
3	-1	3	18	50	-1	13	1204,02
3	2	3	19	50	0	7	1243,76
3	-2	3	20	36	-2	15	1023,46
3	-5	3	23	58	1	21	1582,96
3	-2	3	25	55	-2	15	1527,99
3	2	3	26	50	0	7	1397,72
3	2	3	29	55	-1	7	1600,43
3	2	3	33	39	-1	7	1303,01
3	2	4	4	50	1	7	495,3
3	3	4	6	59	-2	5	552,48
3	1	4	11	43	-3	9	649,47
3	-5	4	11	46	0	21	701,63
3	-3	4	11	57	1	17	819,29
3	3	4	14	33	-1	5	699,23
3	-5	4	18	55	0	21	1334,59
3	4	4	19	46	1	3	1182,24
3	-4	4	20	45	-1	19	1233,28
3	-1	4	20	35	-1	13	1014,03
3	-3	4	28	43	-3	17	1274,37
3	2	4	34	58	-3	7	2036,76
3	0	4	36	41	-1	11	1621,5
3	-1	4	37	42	0	13	1746,9
3	0	5	-2	34	-1	11	501,87
3	0	5	1	45	1	11	529,07
3	4	5	3	58	1	3	529,13
3	2	5	4	36	-2	7	458,08
3	-3	5	4	38	-1	17	490,07
3	0	5	5	53	1	11	546,69
3	4	5	10	54	-2	3	703,3
3	0	5	12	41	-2	11	707,93
3	1	5	15	39	0	9	887,98
3	2	5	15	38	-3	7	863,96
3	2	5	16	36	1	7	891,94
3	4	5	19	57	-2	3	1417,33
3	1	5	20	36	-1	9	1067,62
3	-4	5	21	45	-2	19	1284,6
3	1	5	24	43	0	9	1253,86
3	4	5	29	45	-1	3	1341,69
3	-4	5	30	48	0	19	1507,76
3	-5	5	32	57	-1	21	1908,64
3	-2	6	-1	38	-3	15	555,64
3	3	6	6	40	1	5	498,05
3	4	6	7	52	-1	3	584,73
3	4	6	8	40	-2	3	531,95
3	-2	6	10	46	-2	15	688,2
3	2	6	13	43	-3	7	823,21
3	-2	6	15	53	-3	15	1139,56
3	-1	6	15	52	-2	13	1121,34
3	4	6	18	55	1	3	1355,81
3	-5	6	19	34	1	21	1057,23
3	-5	6	22	34	-2	21	1090,98
3	-1	6	23	38	-3	13	1174,87
3	2	6	33	37	-3	7	1321,47
3	-1	6	36	32	-2	13	1363,69
3	-1	6	39	31	-2	13	1531,11
3	1	7	0	57	-1	9	588
3	-2	7	1	37	0	15	598,28
3	0	7	1	31	-1	11	574,85
3	-4	7	8	57	1	19	749,23
3	-5	7	9	45	0	21	685,96
3	-2	7	9	38	-3	15	607,93
3	0	7	10	41	1	11	664,8
3	-3	7	13	49	-2	17	970,36
3	2	7	16	32	0	7	909,1
3	1	7	17	49	-1	9	1246,3
3	-4	7	20	30	-1	19	1027,99
3	-4	7	26	38	-2	19	1216,83
3	3	7	32	54	0	5	1840,07
3	-5	7	33	55	0	21	1977,37
3	-4	7	36	57	1	19	2326,3
3	-4	7	38	38	-3	19	1784,53
3	-2	7	38	48	-1	15	2159,91
4	-3	2	-1	52	-3	17	433,44
4	4	2	-1	36	-2	3	415,17
4	-5	2	0	52	-3	21	466,73
4	4	2	1	35	-3	3	419,72
4	2	2	4	50	0	7	441,52
4	0	2	8	39	0	11	428,07
4	3	2	10	45	1	5	552,98
4	-1	2	11	57	0	13	772,08
4	0	2	12	32	1	11	543,61
4	-2	2	13	54	0	15	903,24
4	-1	2	16	40	-1	13	900,75
4	0	2	16	58	-2	11	1198,51
4	3	2	16	44	-1	5	950,96
4	4	2	18	53	-2	3	1220,21
4	1	2	18	37	-2	9	965,39
4	4	2	25	32	-3	3	912,81
4	-3	2	25	42	0	17	1186,1
4	3	2	29	43	-3	5	1236,19
4	3	2	30	56	-2	5	1649,92
4	-3	2	34	56	1	17	1966,69
4	-3	2	37	46	-1	17	1873,87
4	-3	2	38	39	-1	17	1688,04
4	3	2	38	41	-2	5	1735,02
4	1	3	-2	57	0	9	391,83
4	1	3	1	56	-3	9	468,49
4	2	3	2	51	-2	7	464,94
4	-4	3	3	47	-2	19	480,49
4	-5	3	4	34	0	21	423,68
4	0	3	14	47	0	11	892,24
4	-1	3	23	33	-3	13	990,54
4	-5	3	28	40	-1	21	1182,43
4	-4	3	29	57	0	19	1693,02
4	-5	3	31	30	-3	21	950,39
4	0	3	32	30	1	11	972,52
4	-5	3	33	50	0	21	1706,1
4	-3	3	36	46	1	17	1801,37
4	-1	4	-1	47	-1	13	479,57
4	-2	4	9	33	-2	15	472,65
4	0	4	14	51	1	11	972,44
4	1	4	15	36	-2	9	814,31
4	3	4	16	44	-1	5	1002,93
4	-4	4	21	36	1	19	1089,13
4	-2	4	26	50	-3	15	1449,18
4	-2	4	28	44	1	15	1312,29
4	2	4	34	45	-2	7	1609,54
4	-5	4	39	59	-2	21	2610,7
4	-4	5	-2	52	1	19	491,97
4	-4	5	0	57	1	19	555,22
4	-1	5	1	33	-1	13	522,66
4	-3	5	4	33	1	17	476,51
4	-1	5	6	31	1	13	444,61
4	0	5	6	46	-3	11	530,9
4	-4	5	7	52	-1	19	610,32
4	3	5	9	34	-2	5	494,47
4	2	5	11	39	-2	7	636,75
4	2	5	14	56	-1	7	1061,31
4	-2	5	18	33	-1	15	973,11
4	3	5	19	55	-1	5	1407,5
4	-3	5	24	50	-2	17	1469,87
4	-1	5	25	54	1	13	1568,78
4	-3	5	28	55	-2	17	1664,49
4	-1	5	29	40	-1	13	1249,53
4	-5	5	30	45	-1	21	1437,96
4	-4	5	31	53	0	19	1733,85
4	4	5	34	45	-2	3	1630,07
4	4	5	36	33	1	3	1374,09
4	-4	5	37	58	0	19	2410,72
4	-4	5	38	47	-3	19	2077,19
4	0	6	0	45	1	11	572,67
4	-2	6	4	41	0	15	550,16
4	4	6	10	44	0	3	665,61
4	-1	6	11	54	1	13	866,8
4	1	6	15	44	-3	9	1022,6
4	4	6	23	38	1	3	1191,69
4	-2	6	24	38	1	15	1216,1
4	4	6	28	31	1	3	997,93
4	2	6	33	30	-1	7	1132,98
4	2	6	33	45	-3	7	1614,59
4	3	6	34	41	1	5	1549,25
4	-3	6	36	49	-1	17	2023,99
4	-5	6	36	34	-1	21	1485,44
4	2	7	1	35	-2	7	602,19
4	-1	7	8	50	0	13	702,1
4	2	7	10	51	-2	7	799,84
4	2	7	13	56	-1	7	1082,37
4	-5	7	19	47	0	21	1386,23
4	4	7	20	43	-1	3	1307,85
4	-5	7	22	49	0	21	1515,39
4	0	7	24	50	-3	11	1545,86
4	0	7	24	33	-1	11	1139,61
4	0	7	25	51	-1	11	1585,4
4	3	7	26	55	1	5	1689,21
4	3	7	29	36	1	5	1212,94
4	-1	7	30	56	-1	13	1856,31
4	-1	7	31	40	-1	13	1401,21
4	-1	7	39	59	-1	13	2718,9
5	3	2	-1	51	-2	5	387,56
5	-3	2	7	34	-1	17	380,3
5	4	2	16	40	0	3	893,68
5	2	2	21	49	-2	7	1288,78
5	3	2	26	49	-1	5	1351,48
5	-4	2	27	46	-2	19	1314,18
5	3	2	29	32	0	5	925,97
5	4	2	30	35	1	3	1034,39
5	1	2	31	35	0	9	1066
5	2	2	32	31	-2	7	987,52
5	-1	2	33	48	1	13	1606,7
5	2	2	34	49	-1	7	1700,32
5	-4	2	34	30	0	19	1083,46
5	-1	2	36	46	-3	13	1779,15
5	3	2	36	43	0	5	1656,71
5	2	2	37	51	1	7	2040,17
5	-1	2	37	31	1	13	1312,93
5	-3	2	39	36	-1	17	1652,76
5	1	3	-2	59	1	9	380,67
5	-2	3	1	40	-2	15	454,91
5	-2	3	2	43	-1	15	453,36
5	-1	3	4	51	-2	13	470,32
5	1	3	5	34	0	9	388,49
5	0	3	5	30	1	11	370,63
5	-1	3	5	48	-3	13	463,32
5	-5	3	10	36	-3	21	517,96
5	-4	3	11	43	1	19	649,9
5	4	3	16	41	-2	3	933,51
5	4	3	22	53	1	3	1413,93
5	-2	3	23	33	-1	15	996,68
5	-1	3	23	32	-2	13	976,2
5	1	3	27	38	1	9	1107,88
5	0	3	29	59	0	11	1742,6
5	3	3	31	31	-3	5	968,11
5	-5	3	34	35	-2	21	1281,26
5	0	3	34	58	-3	11	2039,89
5	-1	3	38	31	-3	13	1402,01
5	0	3	39	50	1	11	2210,15
5	1	4	2	35	-2	9	461,46
5	2	4	6	59	-2	7	559,18
5	-4	4	7	42	-1	19	506,6
5	-5	4	8	44	1	21	554,47
5	2	4	11	36	1	7	585,26
5	-1	4	14	42	-2	13	863,95
5	0	4	15	34	-1	11	808,84
5	1	4	16	44	-2	9	1031,01
5	2	4	20	30	1	7	945,78
5	-3	4	26	31	-2	17	969,51
5	3	4	27	59	1	5	1698,48
5	1	4	30	46	-2	9	1424,51
5	-2	4	35	40	1	15	1551,68
5	4	4	39	42	-2	3	1914,85
5	-2	5	-2	35	-2	15	523,47
5	-5	5	0	49	1	21	554,93
5	3	5	1	45	1	5	520,25
5	-5	5	4	47	0	21	557,77
5	-3	5	6	48	1	17	562,84
5	3	5	6	39	0	5	487,91
5	-1	5	6	58	0	13	623,23
5	4	5	8	51	1	3	609,56
5	-2	5	9	33	-3	15	520,19
5	4	5	11	44	-1	3	705,46
5	-3	5	11	31	-2	17	598,4
5	-5	5	12	31	1	21	641,64
5	-5	5	13	43	-1	21	866,63
5	0	5	14	31	-3	11	749,6
5	0	5	19	57	1	11	1483,27
5	-5	5	24	53	-3	21	1572,39
5	-3	5	26	53	-3	17	1594,12
5	-3	5	28	42	1	17	1321,51
5	-1	5	29	48	-3	13	1500,04
5	4	5	30	46	0	3	1459,66
5	0	5	31	43	1	11	1431,07
5	-2	5	34	42	-2	15	1591,18
5	-5	5	35	46	1	21	1821,52
5	-4	5	39	47	1	19	2193,1
5	4	6	-1	58	-3	3	533,25
5	2	6	5	34	-3	7	513,74
5	-3	6	11	31	0	17	644,69
5	-4	6	11	46	0	19	812,13
5	1	6	14	55	-2	9	1136,54
5	4	6	14	40	-3	3	924,27
5	-2	6	21	38	-2	15	1232,79
5	-4	6	26	51	-2	19	1604,38
5	-5	6	26	55	-3	21	1709
5	-5	6	27	35	-2	21	1177,63
5	1	6	29	51	0	9	1634,68
5	-1	6	36	36	-2	13	1583,21
5	0	6	39	51	-2	11	2384,15
5	2	7	1	44	-3	7	641,24
5	2	7	5	42	0	7	629,78
5	-3	7	8	35	-2	17	627,93
5	-4	7	10	42	1	19	782,46
5	-1	7	12	30	-3	13	739,83
5	3	7	12	42	0	5	863,1
5	-3	7	15	51	1	17	1246,04
5	-5	7	16	51	-2	21	1333,78
5	1	7	20	45	1	9	1406,39
5	0	7	21	52	0	11	1580,92
5	0	7	26	30	0	11	1099
5	3	7	26	30	1	5	1085,36
5	-1	7	27	50	-2	13	1638,21
5	-5	7	31	59	-1	21	2079,57
5	3	7	33	40	0	5	1549,84
5	-3	7	33	49	-2	17	1875,99
5	1	7	33	32	1	9	1294,45
5	2	7	34	39	0	7	1590,92
5	1	7	36	30	1	9	1425,16
5	4	7	37	34	-3	3	1626,99
5	-1	7	39	40	1	13	2026,85
6	-2	2	1	41	-2	15	408,1
6	4	2	3	43	-2	3	373,2
6	-1	2	6	50	-3	13	453,41
6	-2	2	7	35	-3	15	382,24
6	-2	2	10	35	0	15	471,1
6	-2	2	20	50	-2	15	1302,92
6	0	2	24	56	-2	11	1524,14
6	3	2	26	52	-2	5	1431,29
6	2	2	27	47	-2	7	1323,73
6	2	2	27	54	-1	7	1510,74
6	1	2	28	40	-3	9	1150,01
6	3	2	28	38	-2	5	1080,69
6	-5	2	28	34	-2	21	997,66
6	-3	2	32	44	-1	17	1422,91
6	-1	2	38	35	-3	13	1539,56
6	4	3	3	45	-1	3	416,55
6	-2	3	5	55	1	15	500,44
6	1	3	10	33	-2	9	470,37
6	-1	3	10	37	1	13	521,1
6	-1	3	13	31	0	13	621,23
6	-5	3	14	46	1	21	906,26
6	1	3	14	52	-1	9	960,84
6	-3	3	24	41	-3	17	1200,49
6	-4	3	24	40	0	19	1176,69
6	-3	3	25	38	-1	17	1129,17
6	4	3	28	41	0	3	1186,44
6	0	3	28	39	-2	11	1149,25
6	-1	3	29	48	-3	13	1433,03
6	1	3	30	57	-2	9	1730,27
6	1	3	34	34	1	9	1234,17
6	2	3	34	43	-1	7	1540,51
6	-2	3	36	52	0	15	2036,79
6	4	4	0	33	-2	3	459,33
6	3	4	5	55	0	5	515,62
6	3	4	7	32	-2	5	405,74
6	-3	4	7	35	-3	17	448,14
6	4	4	13	47	1	3	847,45
6	0	4	15	46	0	11	1009,29
6	4	4	16	46	-2	3	1051,42
6	4	4	18	44	-3	3	1150,76
6	-2	4	21	36	1	15	1105,94
6	3	4	22	33	0	5	1037,34
6	0	4	22	33	1	11	1044,36
6	-4	4	26	40	-3	19	1223,82
6	-4	4	27	43	-3	19	1308,67
6	-3	4	28	46	-1	17	1401,52
6	-1	4	34	45	1	13	1659,68
6	0	5	0	39	-2	11	530,73
6	-5	5	1	56	-3	21	575,87
6	-1	5	3	40	0	13	514,16
6	2	5	4	36	-2	7	492,54
6	3	5	5	47	-1	5	524,94
6	1	5	7	48	1	9	567,5
6	1	5	14	37	-3	9	857,53
6	1	5	18	32	-3	9	997,88
6	2	5	20	30	1	7	1009,85
6	-5	5	21	56	-2	21	1609,73
6	4	5	24	52	1	3	1524,25
6	-2	5	24	34	0	15	1121,63
6	-5	5	24	37	0	21	1207,52
6	-5	5	24	47	-3	21	1455,53
6	1	5	28	44	-3	9	1380,18
6	1	5	31	35	1	9	1209,23
6	0	5	35	57	0	11	2205,65
6	3	5	36	35	-3	5	1495,84
6	-3	6	1	57	-2	17	620,76
6	-3	6	2	44	-1	17	610,31
6	2	6	7	55	1	7	685,88
6	3	6	10	54	-2	5	825,4
6	4	6	11	33	1	3	669,12
6	-3	6	11	57	-3	17	965,18
6	1	6	11	41	-3	9	767,53
6	-3	6	14	47	0	17	1079,22
6	-2	6	16	34	-1	15	1003,92
6	-5	6	18	58	-2	21	1563,82
6	-3	6	18	59	-3	17	1569,58
6	-1	6	20	39	0	13	1269,46
6	3	6	23	51	1	5	1570,64
6	-5	6	28	58	-1	21	1880,2
6	4	6	30	50	-1	3	1663,27
6	0	6	31	42	-2	11	1486,7
6	-3	6	32	49	-1	17	1780,2
6	-4	6	37	40	-1	19	1848,36
6	4	7	-1	33	-2	3	660,55
6	3	7	2	44	1	5	665,75
6	-2	7	5	59	-3	15	756,15
6	-1	7	8	55	-1	13	831,06
6	4	7	9	49	1	3	796,38
6	-1	7	12	31	-2	13	800,17
6	0	7	13	48	-3	11	1081,03
6	3	7	14	32	-1	5	917,76
6	-3	7	19	32	-3	17	1189,8
6	3	7	20	52	-2	5	1593,33
6	-2	7	21	46	0	15	1512,4
6	-5	7	23	51	-1	21	1681,55
6	2	7	26	46	0	7	1554,23
6	3	7	26	43	-1	5	1471,49
6	-5	7	29	52	1	21	1811,69
6	-4	7	34	42	1	19	1764,73
6	3	7	35	41	1	5	1782,39
6	-1	7	36	33	-2	13	1584,58
6	-1	7	37	39	1	13	1886,92
7	4	2	2	46	-2	3	369,47
7	4	2	3	37	-2	3	344,75
7	-1	2	5	58	-1	13	463,91
7	-1	2	8	56	-1	13	556,42
7	-3	2	11	47	-3	17	665,23
7	-3	2	12	48	-3	17	743,15
7	-1	2	12	34	1	13	566,87
7	1	2	13	42	-1	9	717,57
7	3	2	15	43	1	5	881,81
7	-5	2	20	56	0	21	1445,9
7	2	2	20	30	-3	7	882,83
7	-2	2	23	56	0	15	1516,67
7	-4	2	28	48	-1	19	1400,85
7	0	2	29	55	1	11	1607,97
7	1	2	33	43	0	9	1446,56
7	-2	2	34	40	1	15	1425,18
7	3	2	35	31	-2	5	1158,36
7	-5	2	36	46	1	21	1810,81
7	-2	3	0	49	0	15	418,94
7	1	3	0	39	-3	9	410,05
7	-1	3	2	55	-3	13	447,44
7	3	3	4	49	-1	5	420,04
7	-1	3	8	45	-1	13	498,54
7	-4	3	11	58	1	19	818,08
7	-3	3	11	50	0	17	729,4
7	4	3	13	47	1	3	809,52
7	-4	3	16	41	-2	19	978,55
7	-2	3	16	45	0	15	1035,85
7	-2	3	17	37	-1	15	962,51
7	4	3	19	45	-3	3	1173,08
7	-3	3	22	50	-1	17	1401,22
7	-1	3	24	55	1	13	1539,02
7	-2	3	35	53	-2	15	1986,58
7	2	3	37	40	0	7	1679,01
7	3	3	39	57	-3	5	2482,32
7	3	4	-2	35	-3	5	441,23
7	3	4	-2	57	-1	5	390,37
7	-4	4	-2	53	1	19	444,24
7	4	4	-2	48	-1	3	413
7	1	4	-1	33	0	9	467,28
7	-4	4	1	57	-3	19	513,71
7	2	4	4	58	-1	7	511,6
7	3	4	11	50	-2	5	747,71
7	2	4	11	49	-2	7	739,59
7	-5	4	13	59	1	21	1060,88
7	3	4	14	59	1	5	1108,71
7	1	4	15	50	-3	9	1076,78
7	-3	4	19	59	-3	17	1526,52
7	3	4	21	52	1	5	1433,12
7	-3	4	24	41	-3	17	1264,91
7	4	4	29	55	-2	3	1666,9
7	-1	4	29	57	1	13	1746,56
7	-4	4	30	53	-1	19	1696,87
7	-4	4	33	43	1	19	1548,43
7	-4	4	34	34	0	19	1307,05
7	1	4	35	35	-1	9	1401,84
7	2	4	35	41	-1	7	1597,21
7	4	4	37	55	-1	3	2267,44
7	3	5	-1	36	-2	5	513,04
7	-4	5	0	48	-2	19	548,92
7	-4	5	1	55	-2	19	569,43
7	4	5	4	43	0	3	503,92
7	-2	5	7	47	0	15	599,78
7	-4	5	7	50	-1	19	630,55
7	-2	5	7	46	-2	15	590,63
7	3	5	8	40	1	5	553,81
7	4	5	10	30	1	3	538,52
7	3	5	17	45	1	5	1185,8
7	4	5	20	48	1	3	1378,07
7	0	5	20	40	1	11	1242,36
7	-2	5	21	54	-3	15	1566,63
7	0	5	24	41	0	11	1318,59
7	-5	5	26	57	-1	21	1762,79
7	-1	5	26	30	1	13	1031,3
7	-4	5	27	46	1	19	1475,11
7	-4	5	29	32	-3	19	1101,74
7	-5	5	34	48	-1	21	1851,87
7	-1	5	39	37	-3	13	1828,95
7	-1	6	0	53	-1	13	615,78
7	-4	6	4	38	-3	19	596,06
7	-4	6	6	42	-2	19	628,29
7	1	6	7	45	-3	9	644,56
7	-4	6	7	46	-2	19	673,05
7	0	6	10	38	-3	11	708,41
7	-4	6	15	49	-2	19	1222,42
7	-3	6	21	35	0	17	1246,29
7	-1	6	21	42	-3	13	1383,51
7	-5	6	21	57	-3	21	1730,6
7	0	6	24	59	1	11	1822,05
7	1	6	29	56	1	9	1857,67
7	1	6	33	45	1	9	1735,47
7	-4	6	35	58	-3	19	2368,15
7	0	7	0	39	1	11	698,53
7	0	7	1	56	1	11	711,13
7	-1	7	3	35	-2	13	677,2
7	-5	7	4	55	1	21	771,77
7	2	7	4	32	-3	7	642,37
7	-3	7	4	52	1	17	736,37
7	3	7	5	58	-1	5	748,76
7	-4	7	5	55	-2	19	775,4
7	1	7	12	56	-3	9	1134,55
7	4	7	13	36	-2	3	952,15
7	4	7	13	55	-3	3	1196,33
7	-2	7	17	33	1	15	1175,82
7	3	7	18	49	-3	5	1488,62
7	2	7	22	59	-2	7	1854,39
7	3	7	23	51	-1	5	1692,92
7	-2	7	24	43	0	15	1542,46
7	-2	7	24	48	-3	15	1650,73
7	3	7	30	40	-3	5	1504,39
7	-2	7	32	49	-2	15	1897,4
7	-5	7	35	44	0	21	1966,66
7	-2	7	38	53	1	15	2553,33
8	2	2	1	49	-3	7	352,11
8	-4	2	3	55	0	19	425,7
8	4	2	13	43	0	3	728,29
8	1	2	13	35	-2	9	627,78
8	3	2	19	57	0	5	1371,23
8	1	2	22	38	1	9	1089,93
8	2	2	24	43	-2	7	1210,15
8	1	2	27	34	0	9	980,64
8	-2	2	28	30	1	15	887,39
8	-4	2	28	33	1	19	976,83
8	-2	2	29	58	0	15	1713,64
8	-4	2	37	51	0	19	2082,33
8	3	2	39	56	-2	5	2405,87
8	-5	3	5	44	0	21	434,58
8	3	3	8	44	1	5	471,62
8	4	3	10	43	1	3	560,09
8	1	3	11	37	-3	9	565,16
8	-1	3	12	49	1	13	787,4
8	3	3	17	42	-1	5	1029,14
8	-3	3	18	38	-3	17	1041,1
8	-5	3	21	37	0	21	1118,28
8	-4	3	22	31	1	19	994,37
8	-3	3	23	39	0	17	1167,4
8	-2	3	24	48	0	15	1390,96
8	0	3	26	45	-1	11	1311,33
8	2	3	29	32	0	7	978,71
8	-5	3	38	39	-2	21	1749,03
8	4	3	38	55	-2	3	2323,26
8	3	4	0	42	-3	5	445,86
8	4	4	5	42	-2	3	435,73
8	3	4	9	48	-3	5	605,99
8	3	4	10	34	-3	5	528,04
8	-5	4	13	32	-3	21	705,11
8	1	4	18	52	0	9	1334,35
8	1	4	20	37	1	9	1130,13
8	3	4	24	41	1	5	1250,87
8	-1	4	24	44	-3	13	1336,3
8	-3	4	26	57	-3	17	1700,99
8	-4	4	28	45	-3	19	1411,42
8	0	4	29	37	-2	11	1189,75
8	4	4	31	51	1	3	1659,61
8	-2	4	37	44	-2	15	1908,99
8	4	4	39	59	-2	3	2622,09
8	-3	4	39	53	0	17	2429,05
8	4	5	-2	43	-2	3	480,74
8	0	5	-1	43	1	11	522,1
8	-2	5	6	52	-2	15	605,46
8	-5	5	6	40	0	21	546,92
8	-5	5	7	47	0	21	621,55
8	-3	5	8	42	-2	17	612,12
8	-3	5	12	57	1	17	1016,79
8	-1	5	13	59	-2	13	1121,46
8	3	5	14	36	1	5	877,41
8	-5	5	15	49	0	21	1172,56
8	-5	5	18	51	-3	21	1419,75
8	2	5	21	43	1	7	1338,19
8	-2	5	21	49	1	15	1486,11
8	-4	5	21	35	-3	19	1203,18
8	4	5	24	55	-3	3	1640,88
8	-2	5	25	41	-3	15	1350,46
8	3	5	29	50	-2	5	1621,87
8	-5	5	31	57	-2	21	1968,9
8	4	5	36	58	-2	3	2372,14
8	-3	5	36	30	0	17	1385,01
8	2	5	37	56	-3	7	2402,07
8	0	6	-1	38	-2	11	609,22
8	-3	6	11	36	-2	17	788,25
8	0	6	13	47	0	11	1049,03
8	-4	6	15	55	0	19	1345,21
8	1	6	16	40	-3	9	1169,36
8	2	6	20	45	-1	7	1449,69
8	-3	6	22	53	-3	17	1700,85
8	-5	6	24	43	-3	21	1502,12
8	-5	6	24	53	0	21	1740,83
8	-3	6	25	57	-2	17	1838,75
8	1	6	26	33	-2	9	1210,9
8	-5	6	26	48	1	21	1628,57
8	0	6	31	51	-2	11	1846,99
8	1	6	31	40	-2	9	1501,57
8	2	6	32	49	0	7	1827,64
8	-1	7	0	47	-3	13	728,29
8	-3	7	1	44	1	17	741,2
8	0	7	2	41	-1	11	724,44
8	-1	7	8	40	-3	13	782,17
8	-2	7	9	51	-1	15	922,03
8	0	7	16	58	0	11	1563,2
8	-5	7	22	53	-3	21	1810,1
8	2	7	22	45	0	7	1592,28
8	-4	7	29	50	1	19	1847,25
8	-4	7	30	56	-3	19	2064,83
8	4	7	33	59	0	3	2315,94
8	2	7	34	33	-1	7	1545,65
8	3	7	35	35	-2	5	1664,53
8	-4	7	36	37	-3	19	1841,72
8	-1	7	37	47	-2	13	2289,21
9	3	2	-2	35	0	5	317,43
9	-2	2	-1	35	-2	15	350,38
9	-2	2	6	53	1	15	433,42
9	-4	2	6	51	-1	19	435,46
9	-4	2	17	44	1	19	1059,71
9	-2	2	19	37	0	15	1020,54
9	-5	2	21	44	-1	21	1226,17
9	-4	2	21	40	0	19	1138,54
9	-4	2	21	52	1	19	1389,34
9	3	2	21	41	-1	5	1136,47
9	-4	2	24	50	-1	19	1408,95
9	-5	2	26	58	0	21	1642,38
9	-3	2	27	52	-1	17	1493,72
9	4	2	28	41	0	3	1176,94
9	-1	2	35	42	0	13	1577,39
9	1	2	36	43	0	9	1691,81
9	-1	2	37	33	-1	13	1404,98
9	-3	3	-1	51	0	17	377,54
9	0	3	3	54	-1	11	420,74
9	-4	3	4	58	1	19	477,95
9	0	3	8	55	-2	11	566,1
9	-1	3	9	56	0	13	636,49
9	4	3	9	55	1	3	603,98
9	-3	3	11	38	-2	17	597,9
9	-4	3	11	30	-3	19	508,83
9	3	3	12	53	-3	5	820,15
9	0	3	15	30	-3	11	746,17
9	-4	3	15	40	-3	19	907,99
9	-2	3	16	46	-1	15	1063,29
9	0	3	19	48	-3	11	1277,98
9	3	3	25	36	0	5	1079,73
9	-5	3	28	45	1	21	1371,14
9	-4	3	29	54	-2	19	1657,49
9	-3	3	32	50	-3	17	1672,34
9	4	3	36	48	0	3	1894,04
9	2	4	0	39	-3	7	441,72
9	4	4	2	33	-2	3	423,79
9	-3	4	9	55	-2	17	701,29
9	-2	4	10	59	-3	15	805,32
9	2	4	12	45	-1	7	796,73
9	-4	4	19	59	1	19	1562,19
9	0	4	22	59	1	11	1660,1
9	-3	4	23	37	0	17	1197,8
9	-4	4	24	40	1	19	1267,62
9	4	4	26	41	-3	3	1269,8
9	-2	4	39	44	-1	15	2088,21
9	2	5	1	51	-3	7	531,52
9	2	5	3	35	0	7	501,78
9	-4	5	5	56	-2	19	623,11
9	1	5	6	58	-2	9	639,58
9	1	5	6	57	-2	9	634,5
9	-2	5	19	49	-2	15	1445,57
9	-3	5	21	46	-3	17	1455,83
9	-2	5	24	42	-1	15	1392,22
9	-4	5	24	44	-1	19	1449,9
9	-2	5	27	55	-1	15	1756,13
9	4	5	27	43	-3	3	1408,18
9	-3	5	29	36	-2	17	1267,33
9	-1	5	30	53	-2	13	1792,99
9	2	5	39	43	0	7	2110,57
9	3	5	39	37	-1	5	1873,93
9	4	6	-1	31	-3	3	616,83
9	-5	6	0	50	-3	21	655,95
9	0	6	2	57	-2	11	659,73
9	-5	6	8	46	1	21	762,4
9	1	6	8	41	-3	9	700,65
9	2	6	11	42	-2	7	862,16
9	0	6	11	45	-1	11	902,88
9	-1	6	13	39	-1	13	978,25
9	-1	6	14	58	-1	13	1323,71
9	-1	6	15	32	-1	13	1025,93
9	-5	6	18	30	-1	21	1154,78
9	-3	6	22	35	-2	17	1335,45
9	0	6	26	39	1	11	1413,33
9	3	6	27	42	-2	5	1480,62
9	3	6	27	54	1	5	1801,49
9	-2	6	36	49	-1	15	2199,59
9	-3	6	37	49	1	17	2297,83
9	-2	7	0	52	-3	15	757,26
9	1	7	2	43	-2	9	746,12
9	2	7	5	37	1	7	723,78
9	-1	7	13	36	-3	13	1053,93
9	1	7	19	30	0	9	1284,2
9	-3	7	20	57	-2	17	1869,76
9	-4	7	23	53	1	19	1870,19
9	2	7	23	49	-1	7	1748,88
9	2	7	25	46	-3	7	1696,03
9	-4	7	29	57	-1	19	2102,12
9	-5	7	30	33	-2	21	1426,9
9	4	7	33	38	1	3	1681,71
9	-1	7	36	53	1	13	2447,28
9	1	7	39	31	0	9	1861,8
